37
88
25
99
105
29
152
63
180
101
44
65
79
50
181
54
92
1
72
72
15
8
2
141
156
188
67
94
147
119
5
157
89
132
53
169
187
166
160
35
149
176
129
148
141
126
189
63
60
187
64
45
30
1
129
101
96
183
66
140
135
9
90
196
193
49
178
135
123
101
50
79
35
117
106
24
137
142
25
183
38
18
34
43
16
126
130
146
172
196
11
31
142
77
187
184
120
15
72
76
124
198
11
22
193
152
100
70
140
183
55
114
122
150
110
6
98
16
170
197
20
26
135
31
148
84
75
8
46
39
22
197
76
137
196
157
184
144
119
19
197
199
2
43
149
177
106
149
123
101
115
146
40
177
23
36
63
15
106
108
25
47
26
70
7
92
124
85
0
63
59
17
190
194
24
75
106
29
49
40
52
6
48
195
160
126
72
143
8
195
69
125
66
26
27
110
4
82
86
130
43
78
73
84
56
111
98
12
35
102
46
8
193
85
71
0
105
103
69
83
166
103
40
103
142
102
81
52
115
62
128
135
107
69
112
129
74
156
160
179
7
6
78
63
40
101
122
105
164
107
182
90
161
44
140
126
63
83
43
99
139
123
138
14
8
178
84
101
98
198
62
199
141
165
79
183
34
21
34
36
107
158
198
144
34
118
140
12
48
57
167
179
105
62
56
132
101
154
32
110
111
121
80
58
78
26
55
94
104
148
137
114
165
123
146
128
117
79
150
55
21
44
116
149
165
66
124
68
77
112
133
152
178
153
69
32
143
122
64
35
138
198
19
5
6
49
4
70
121
20
44
37
196
120
123
100
154
190
33
0
112
60
40
177
40
21
78
177
3
153
196
153
191
61
131
93
132
148
2
182
4
60
181
108
182
41
160
192
195
157
152
153
195
17
98
58
13
63
178
7
155
118
121
101
156
163
122
45
63
63
163
127
189
146
164
130
172
125
113
108
51
166
90
162
142
182
62
134
196
95
150
46
189
109
194
193
131
150
79
172
32
22
132
54
27
15
138
51
76
86
116
179
55
138
165
195
188
189
190
139
39
159
36
43
157
2
2
168
98
42
120
62
126
46
108
146
127
0
171
149
86
96
122
71
86
21
80
143
146
108
40
164
167
123
112
104
124
144
33
75
35
155
155
65
30
193
152
157
78
76
199
65
58
133
169
170
148
114
128
38
